1 0.608539716741749
2 0.48694782184409474
3 0.2979501300191527
4 0.10548460970071936
5 0.012225667921237082
6 0.001444669456153653
7 0.01205272420610575
8 0.0010917489280768192
9 0.0020304580400441375
10 0.0010917489280768192
11 6.842961969094554E-4
12 0.0010917489280768192
13 5.644329783648253E-4
14 7.651392122356236E-4
15 5.644329783648253E-4
16 5.744560984883639E-4
17 5.644329783648253E-4
18 5.438848250900578E-4
19 5.644329783648252E-4
20 5.473675300749939E-4
21 5.435745371979894E-4
22 5.472393323888104E-4
23 5.428903999816229E-4
24 5.416009239163485E-4
25 5.425438693550143E-4
26 5.408746119844304E-4
27 5.399212975577155E-4
28 5.398902254404642E-4
29 5.38590822874042E-4
30 5.371878974322699E-4
31 5.356489780677296E-4
32 5.339530412009324E-4
33 5.318445248585016E-4
34 5.293647635303145E-4
35 5.26397342950711E-4
36 5.228565533901662E-4
37 5.18775555490048E-4
38 5.137679110628827E-4
39 5.078530223604678E-4
40 5.008594594159701E-4
41 4.926070262430523E-4
42 4.829116465024826E-4
43 4.7157858179478575E-4
44 4.584215476105275E-4
45 4.4329184516674985E-4
46 4.261085423412936E-4
47 4.068098956871119E-4
48 3.857483724555596E-4
49 3.842909836299093E-4
50 5.705733027440915E-4
51 3.6667592651168975E-4
52 3.5835208679711554E-4
53 4.379004435506696E-4
54 3.573919312501185E-4
55 3.6325045610961364E-4
56 3.595390692668537E-4
57 3.534867181605288E-4
58 3.5467080227260384E-4
59 3.5200870472759123E-4
60 3.5039002577313337E-4
61 3.495018385152151E-4
62 3.4698257404460343E-4
63 3.4437130564765204E-4
64 3.416684137343782E-4
65 3.3853497952327405E-4
66 3.3459480399046385E-4
67 3.299800653200578E-4
68 3.246231377151141E-4
69 3.184587074470985E-4
70 3.1144070589362964E-4
71 3.0357130748955263E-4
72 2.947414523103911E-4
